1111111111111111111111111111111111111111111111111111111
1000000000200010000001111000000000000200000000000002000
1000000000200010000001111000000000000200000000000002000
1000000000200010000001111000000000000200000000000002000
1000000000200010001002222000000000000200001110000000009
1000000000200010001002002000000000000200002000000000009
1000000000222210001002002000000000000200002000000000009
1p00000000000000001002002002222222222200002000000000009
1000000000000000001002001110000000000200002000000000009
1000000000000000001002000000000000000200002000000000009
1000000000000000001002000000000000000200002000000000009
1000000000222211111002000000000000000200002000000000009
1000000000200020000002001112200022200200002000000000009
1000000000200020000002002010100010200200002000000000009
1000000000200020000002002000100010200200002000000000009
1000000000200020011111002000133311200222002000000000009
1000000000200020000000002000100000000000002000000002009
1000000000200020000000002000100000000000002000000002009
1000000000200020000000002000100000000000002000000002009
1111111111111111111111111111111111111111111111111111111
